$ANSIBLE_VAULT;1.1;AES256
66376437653039336135656433303738393434623538313330393864393736643566343164323366
6539396330343162353132313164393931363561653334370a663231663433636539666235626239
33613665623139373562656665316137633834666334323763356336363539313539353666376333
3563373433383066350a666435313635663832653738396231333336363231336263613738613530
34643566363736346166623764316562333033346264326639313265623338313934326561666161
34366239643165663966626633306563363363383336303163323066646431333861326232386631
31653166303162323138313238313033383765396533393035613934613961393131303635633264
61653230663737323637396138353232306532353938643438643034313730383038663938633464
33653338313037613263623561346364336638343931643231393262633339616264623435353439
37366238626364663530383337343637363833396231316438306531653634396331636362663164
62663163343432366232626232656135336162633239303832373138623262353239643666663535
65333832646363646432336365643663373562616466613164333066313365333763303830663530
64326164633435346439313163363362343734313336333832396232336233323466396362336638
33333834666666343865306238353437363136363235613930383063656336353464613830366139
35336633666536343233326166646563336630326161393064313231323330613935333566353539
36613034343336373335383066633161343762386264396564626435616135613231323634386232
34623834306662613066313138396439343662353836333038653631373762356537
